mass: 0.00405        # kg
diameter: 0.00569   # m
Ixx: 1.426e-8
Iyy: 1.150e-7
CG_cal: 1.54

Cm_alpha:
  supersonic: 2.35
  transonic: 2.7
  subsonic: 2.65

Cl_alpha:
  supersonic: 2.6
  transonic: 2.2
  subsonic: 1.85

Cmq_plus_Cma:
  M2.7: -6.5
  M1.8: -5.0
  M1.1: +1.3   # critical
  M0.7: 0.0